ExpNum AgentType UtilType GenType Alpha Voters Candidates Iterations Experiments Borda_borda Borda_copeland Borda_plurality Borda_stv Condorcet Cond_borda Cond_copeland Cond_plurality Cond_stv
1 BestResponseAgent linear_util impartial_culture None 9 7 500 1000 1.0 0.9818431246080813 0.9137911838977417 0.9564155680301943 True 0.8360655737704918 1.0 0.5380029806259314 0.8211624441132638
2 BestResponseAgent linear_util impartial_culture None 9 3 500 1000 1.0 0.992395454545454 0.9715687645687636 0.9884621212121206 True 0.9229934924078091 1.0 0.8058568329718004 0.9566160520607375
3 BestResponseAgent exp_util impartial_culture None 9 7 500 1000 1.0 0.9836128067294898 0.9238815988617249 0.9581693288263995 True 0.8487518355359766 1.0 0.5756240822320118 0.8091042584434655
4 BestResponseAgent exp_util impartial_culture None 9 3 500 1000 1.0 0.9930787878787872 0.9741407925407913 0.9889242424242417 True 0.91792656587473 1.0 0.8077753779697624 0.9665226781857451
5 BestResponseAgent log_util impartial_culture None 9 7 500 1000 1.0 0.9827545703990768 0.9192314171571996 0.9570407322198667 False 0.8355957767722474 1.0 0.5595776772247361 0.8295625942684767
6 BestResponseAgent log_util impartial_culture None 9 3 500 1000 1.0 0.9922106060606053 0.9707638694638687 0.9876318181818172 True 0.9102844638949672 1.0 0.8085339168490153 0.9595185995623632
13 BestResponseAgent linear_util polya_eggenberger 0.1 9 7 500 1000 1.0 0.9777796032156661 0.9298795068234634 0.9500338634159974 True 0.8019390581717452 1.0 0.739612188365651 0.8739612188365651
14 BestResponseAgent linear_util polya_eggenberger 0.1 9 3 500 1000 1.0 0.9891643356643351 0.9744805361305359 0.9845461538461533 True 0.9165775401069519 1.0 0.8748663101604278 0.9636363636363636
15 BestResponseAgent exp_util polya_eggenberger 0.1 9 7 500 1000 1.0 0.9787098124376459 0.9230282863169988 0.9494069456397477 True 0.8114754098360656 1.0 0.6953551912568307 0.8688524590163934
16 BestResponseAgent exp_util polya_eggenberger 0.1 9 3 500 1000 1.0 0.9893653846153838 0.9735974358974349 0.9872699300699291 True 0.9217577706323687 1.0 0.8563772775991425 0.9635584137191854
17 BestResponseAgent log_util polya_eggenberger 0.1 9 7 500 1000 1.0 0.9778266129736758 0.9290214852796627 0.9498211259145417 True 0.8201936376210235 1.0 0.73582295988935 0.8686030428769018
18 BestResponseAgent log_util polya_eggenberger 0.1 9 3 500 1000 1.0 0.9890572261072259 0.9785304195804191 0.986407226107226 True 0.920042643923241 1.0 0.8805970149253731 0.9776119402985075
25 PragmatistAgent linear_util impartial_culture None 9 7 500 1000 1.0 0.9844737767706246 0.9200470912609041 0.9578269662689914 True 0.8552238805970149 1.0 0.5746268656716418 0.8328358208955224
26 PragmatistAgent linear_util impartial_culture None 9 3 500 1000 1.0 0.9922639860139851 0.9732578088578081 0.9871245920745912 True 0.9186813186813186 1.0 0.8175824175824176 0.9560439560439561
27 PragmatistAgent exp_util impartial_culture None 9 7 500 1000 1.0 0.9827671460585627 0.9288819715785491 0.9599801575166111 True 0.8409090909090909 1.0 0.6045454545454545 0.8424242424242424
28 PragmatistAgent exp_util impartial_culture None 9 3 500 1000 1.0 0.9926079254079248 0.9757849650349646 0.9889064102564095 True 0.9229098805646037 1.0 0.8327904451682954 0.9619978284473398
29 PragmatistAgent log_util impartial_culture None 9 7 500 1000 1.0 0.9857928757724923 0.9203764213089994 0.9582673502541028 True 0.8510324483775811 1.0 0.5737463126843658 0.8112094395280236
30 PragmatistAgent log_util impartial_culture None 9 3 500 1000 1.0 0.9914848484848476 0.9755290209790202 0.9873181818181809 True 0.9299781181619255 1.0 0.8326039387308534 0.962800875273523
37 PragmatistAgent linear_util polya_eggenberger 0.1 9 7 500 1000 1.0 0.9773054974385775 0.9296405254562359 0.9506051456091034 True 0.8052631578947368 1.0 0.7302631578947368 0.8657894736842106
38 PragmatistAgent linear_util polya_eggenberger 0.1 9 3 500 1000 1.0 0.9890949883449881 0.9764722610722608 0.9840995337995337 True 0.9121114683815649 1.0 0.872454448017149 0.9646302250803859
39 PragmatistAgent exp_util polya_eggenberger 0.1 9 7 500 1000 1.0 0.9796009166149787 0.9348953723138183 0.9506875257112873 True 0.8169398907103825 1.0 0.744535519125683 0.8756830601092896
40 PragmatistAgent exp_util polya_eggenberger 0.1 9 3 500 1000 1.0 0.990226223776223 0.9800194638694633 0.9869807692307684 True 0.9348290598290598 1.0 0.8899572649572649 0.9807692307692307
41 PragmatistAgent log_util polya_eggenberger 0.1 9 7 500 1000 1.0 0.9781210618322318 0.9329207273972117 0.9512643436845021 True 0.8029891304347826 1.0 0.7255434782608695 0.8790760869565217
42 PragmatistAgent log_util polya_eggenberger 0.1 9 3 500 1000 1.0 0.9876324009324002 0.9735840326340324 0.9849778554778551 True 0.9145299145299145 1.0 0.8760683760683761 0.9711538461538461
49 LearningAgent linear_util impartial_culture None 9 7 500 1000 1.0 0.9853221152855675 0.917368467488409 0.9524113853558718 False 0.8422664624808576 1.0 0.5712098009188361 0.8315467075038285
50 LearningAgent linear_util impartial_culture None 9 3 500 1000 1.0 0.9905984848484849 0.9727599067599066 0.9856045454545452 True 0.9232432432432433 1.0 0.798918918918919 0.9567567567567568
51 LearningAgent exp_util impartial_culture None 9 7 500 1000 1.0 0.9845826765965074 0.920377494699595 0.9590718341293106 False 0.8567164179104477 1.0 0.5522388059701493 0.8343283582089552
52 LearningAgent exp_util impartial_culture None 9 3 500 1000 1.0 0.9919136363636357 0.9732963869463863 0.9883227272727266 True 0.9236641221374046 1.0 0.8146128680479825 0.9716466739367503
53 LearningAgent log_util impartial_culture None 9 7 500 1000 1.0 0.9836593697415452 0.9263495633392022 0.9562488458791464 False 0.8397534668721109 1.0 0.576271186440678 0.8197226502311248
54 LearningAgent log_util impartial_culture None 9 3 500 1000 1.0 0.9921916083916076 0.9727206293706288 0.9861734265734259 True 0.9180327868852459 1.0 0.8284153005464481 0.9683060109289617
61 LearningAgent linear_util polya_eggenberger 0.1 9 7 500 1000 1.0 0.9781584070425312 0.9285547738521311 0.9512172713208815 False 0.8176795580110497 1.0 0.7251381215469613 0.8660220994475138
62 LearningAgent linear_util polya_eggenberger 0.1 9 3 500 1000 1.0 0.9866107226107216 0.9731792540792529 0.9832864801864794 True 0.8963675213675214 1.0 0.8589743589743589 0.969017094017094
63 LearningAgent exp_util polya_eggenberger 0.1 9 7 500 1000 1.0 0.9769470524608995 0.9334530712888911 0.9508248198629885 True 0.7762619372442019 1.0 0.7503410641200545 0.8854024556616644
64 LearningAgent exp_util polya_eggenberger 0.1 9 3 500 1000 1.0 0.9900689976689971 0.9765797202797196 0.9870402097902093 True 0.9262032085561497 1.0 0.8759358288770054 0.9786096256684492
65 LearningAgent log_util polya_eggenberger 0.1 9 7 500 1000 1.0 0.9765429058987598 0.9292909847585507 0.9527993703037465 False 0.8138888888888889 1.0 0.7486111111111111 0.9041666666666667
66 LearningAgent log_util polya_eggenberger 0.1 9 3 500 1000 1.0 0.9886918414918411 0.9745987179487174 0.9846691142191142 True 0.9101604278074866 1.0 0.8545454545454545 0.9614973262032086
73 LearningBestResponseAgent linear_util impartial_culture None 9 7 500 1000 1.0 0.9825475238073071 0.920156879371583 0.9576161704710682 True 0.8242424242424242 1.0 0.5666666666666667 0.806060606060606
74 LearningBestResponseAgent linear_util impartial_culture None 9 3 500 1000 1.0 0.9924431235431228 0.9723765734265726 0.988414335664335 True 0.9160387513455328 1.0 0.8105489773950484 0.9537136706135629
75 LearningBestResponseAgent exp_util impartial_culture None 9 7 500 1000 1.0 0.9841377461610152 0.9198834132038993 0.9557409587425334 True 0.852017937219731 1.0 0.585949177877429 0.8251121076233184
76 LearningBestResponseAgent exp_util impartial_culture None 9 3 500 1000 1.0 0.9929121212121205 0.9753876456876448 0.9888818181818173 True 0.9132762312633833 1.0 0.8115631691648822 0.9635974304068522
77 LearningBestResponseAgent log_util impartial_culture None 9 7 500 1000 1.0 0.9809367703579143 0.9162772127670595 0.9559360762438632 True 0.8237129485179407 1.0 0.5663026521060842 0.8159126365054602
78 LearningBestResponseAgent log_util impartial_culture None 9 3 500 1000 1.0 0.9940158508158505 0.9710202797202793 0.9905567599067594 True 0.9247881355932204 1.0 0.8135593220338984 0.9661016949152542
85 LearningBestResponseAgent linear_util polya_eggenberger 0.1 9 7 500 1000 1.0 0.9801069767251549 0.9262299762650994 0.9498449262793015 False 0.8130841121495327 1.0 0.7076101468624834 0.8598130841121495
86 LearningBestResponseAgent linear_util polya_eggenberger 0.1 9 3 500 1000 1.0 0.9883632867132861 0.9761407925407921 0.9862284382284379 True 0.9228295819935691 1.0 0.8703108252947481 0.9732047159699893
87 LearningBestResponseAgent exp_util polya_eggenberger 0.1 9 7 500 1000 1.0 0.9776233683409634 0.9272737047945027 0.9474394834344372 True 0.8133704735376045 1.0 0.7270194986072424 0.8844011142061281
88 LearningBestResponseAgent exp_util polya_eggenberger 0.1 9 3 500 1000 1.0 0.9885185314685303 0.9745400932400926 0.9835579254079241 True 0.9061181434599156 1.0 0.879746835443038 0.9662447257383966
89 LearningBestResponseAgent log_util polya_eggenberger 0.1 9 7 500 1000 1.0 0.9781808635683066 0.9280508802633648 0.9458330583753817 True 0.8013888888888889 1.0 0.7319444444444444 0.8652777777777778
90 LearningBestResponseAgent log_util polya_eggenberger 0.1 9 3 500 1000 1.0 0.9899237762237753 0.9729487179487176 0.9842101398601395 True 0.9323308270676691 1.0 0.8764769065520945 0.9613319011815252
91 LearningBayesianAgent linear_util impartial_culture None 9 7 500 1000 1.0 0.982979619767792 0.9224946085085164 0.9571122451164481 True 0.8410404624277457 1.0 0.5780346820809249 0.815028901734104
92 LearningBayesianAgent linear_util impartial_culture None 9 3 500 1000 1.0 0.9916681818181812 0.9721317016317007 0.9870181818181814 True 0.9311475409836065 1.0 0.8142076502732241 0.946448087431694
93 LearningBayesianAgent exp_util impartial_culture None 9 7 500 1000 1.0 0.9841808231856733 0.9201979027318061 0.9576472266589001 True 0.8394495412844036 1.0 0.5565749235474006 0.8348623853211009
94 LearningBayesianAgent exp_util impartial_culture None 9 3 500 1000 1.0 0.9921942890442889 0.9771777389277385 0.9886973193473193 True 0.9260869565217391 1.0 0.8195652173913044 0.9641304347826087
95 LearningBayesianAgent log_util impartial_culture None 9 7 500 1000 1.0 0.9838544170542604 0.9243521072088405 0.9583822678036455 False 0.8509406657018813 1.0 0.5875542691751086 0.8306801736613604
96 LearningBayesianAgent log_util impartial_culture None 9 3 500 1000 1.0 0.9905318181818175 0.9752278554778542 0.9883045454545448 True 0.912621359223301 1.0 0.81445523193096 0.9622437971952535
97 LearningBayesianAgent linear_util polya_eggenberger 0.1 9 7 500 1000 1.0 0.9785461687546559 0.9291763967528296 0.9472434241012819 False 0.7967698519515478 1.0 0.7240915208613729 0.8627187079407806
98 LearningBayesianAgent linear_util polya_eggenberger 0.1 9 3 500 1000 1.0 0.9872173659673655 0.9781947552447545 0.9848946386946382 True 0.9113513513513514 1.0 0.8983783783783784 0.9718918918918918
99 LearningBayesianAgent exp_util polya_eggenberger 0.1 9 7 500 1000 1.0 0.9797698762239984 0.9289122229018074 0.9536367703348564 True 0.8161865569272977 1.0 0.7133058984910837 0.8737997256515775
100 LearningBayesianAgent exp_util polya_eggenberger 0.1 9 3 500 1000 1.0 0.9902582750582746 0.9753735431235426 0.9852203962703957 True 0.9141039236479321 1.0 0.8727465535524921 0.9692470837751855
101 LearningBayesianAgent log_util polya_eggenberger 0.1 9 7 500 1000 1.0 0.9794961477441613 0.931259661678069 0.9469242903268514 True 0.8398876404494382 1.0 0.702247191011236 0.8525280898876404
102 LearningBayesianAgent log_util polya_eggenberger 0.1 9 3 500 1000 1.0 0.9891993006993001 0.9736613053613049 0.9849326340326335 True 0.9181034482758621 1.0 0.8674568965517241 0.9622844827586207
